input - works for comb
3
3
1
3
1 1
3
1 1

output
1 1 1
0 1 0
1 1 1

input - works for comb
3
1 1
1
1 1
1 1
1
1 1

output
1 0 1
0 1 0
1 0 1

input
4
2
4
2
0
1
3
3
1

output
0 1 1 0
1 1 1 1
0 1 1 0
0 0 0 0

input
5
3
3
2 2
1 3
3
1 2 
3 1
2 2
4
2

output
1 1 1 0 0
0 1 1 1 0
1 1 0 1 1
1 0 1 1 1
0 1 1 1 0

input
5
3
1 1 1
3
1 1
1 1
1 1
1 2
3
1 2
1 1

output
0 1 1 1 0
1 0 1 0 1
0 1 1 1 0
0 1 0 1 0
1 0 0 0 1

input
5
1
3
5
3
1
1
3
5
3
1

output
0 0 1 0 0
0 1 1 1 0
1 1 1 1 1
0 1 1 1 0
0 0 1 0 0

input
5
1 1 1
1 1
1 1 1
1 1
1
1 1
1 1
1 1 1
1 1
1 1

output
1 0 1 0 1
0 1 0 1 0
1 0 1 0 1
0 1 0 1 0
0 0 1 0 0

input
5
3
1 1 1
5
0
5
2 1
1 1 1
3 1
1 1 1
2 1

output
0 1 1 1 0
1 0 1 0 1
1 1 1 1 1
0 0 0 0 0
1 1 1 1 1

input
5
2 2
2 2
0
1 1
3
2 1
2 1
1
2 1
2 1

output
1 1 0 1 1
1 1 0 1 1
0 0 0 0 0
1 0 0 0 1
0 1 1 1 0

input
5
2
3
2 1
2 1
5
2
3
2 1
2 1
5

output
0 0 0 1 1
0 0 1 1 1
0 1 1 0 1
1 1 0 0 1
1 1 1 1 1

input
5
5
1 1 1
3 1
1 1 1
5
5
1 1 1
5
1 1
5

output
1 1 1 1 1
1 0 1 0 1
1 1 1 0 1
1 0 1 0 1
1 1 1 1 1

input
5
5
3
1
1 1
5
1 1
2 2
3 1
2 2
1 1

output
1 1 1 1 1
0 1 1 1 0
0 0 1 0 0
0 1 0 1 0
1 1 1 1 1

input
5
5
1
5
1
5
3 1
1 1 1
1 1 1
1 1 1
1 3

output
1 1 1 1 1
1 0 0 0 0
1 1 1 1 1
0 0 0 0 1
1 1 1 1 1

INPUTS BIGGER THAN 10X10 DONT WORK

input
10
6
2 2
2 2
2
3
4
2
0
2
2
0
2
3
1
1 2 2
1 2 2
1 2
6
4
0

output
0 0 1 1 1 1 1 1 0 0
0 1 1 0 0 0 0 1 1 0
0 1 1 0 0 0 0 1 1 0
0 0 0 0 0 0 0 1 1 0
0 0 0 0 0 0 1 1 1 0
0 0 0 0 1 1 1 1 0 0
0 0 0 0 1 1 0 0 0 0
0 0 0 0 0 0 0 0 0 0
0 0 0 0 1 1 0 0 0 0
0 0 0 0 1 1 0 0 0 0

input
10
2
2
1 6 1
10
8
8
8
10
1 6 1
1 4 1
2 3
5
7
8
10
10
8
7
5
2
3

output
0 0 0 0 1 1 0 0 0 0
0 0 0 0 1 1 0 0 0 0
1 0 1 1 1 1 1 1 0 1
1 1 1 1 1 1 1 1 1 1
0 1 1 1 1 1 1 1 1 0
0 1 1 1 1 1 1 1 1 0
0 1 1 1 1 1 1 1 1 0
1 1 1 1 1 1 1 1 1 1
1 0 1 1 1 1 1 1 0 1
1 0 0 1 1 1 1 0 0 1

input
10
10
10
10
10
10
10
10
10
10
10
10
10
10
10
10
10
10
10
10
10

output
1 1 1 1 1 1 1 1 1 1
1 1 1 1 1 1 1 1 1 1
1 1 1 1 1 1 1 1 1 1
1 1 1 1 1 1 1 1 1 1
1 1 1 1 1 1 1 1 1 1
1 1 1 1 1 1 1 1 1 1
1 1 1 1 1 1 1 1 1 1
1 1 1 1 1 1 1 1 1 1
1 1 1 1 1 1 1 1 1 1
1 1 1 1 1 1 1 1 1 1

input 
15
2
4
1 1
4 1
2 11
2 11
4 1 2 1
1 1 1 2
4 1 2
2 3
0
0
0
0
0
2
4
1 1
3 3
2 4 2
2 2 2
8
2
2
2
5
3
2 2
6
2 1

output
0 0 0 0 1 1 0 0 0 0 0 0 0 0 0
0 0 0 1 1 1 1 0 0 0 0 0 0 0 0
0 0 0 1 0 0 1 0 0 0 0 0 0 0 0
0 1 1 1 1 0 1 0 0 0 0 0 0 0 0
1 1 0 0 1 1 1 1 1 1 1 1 1 1 1
1 1 0 0 1 1 1 1 1 1 1 1 1 1 1
0 1 1 1 1 0 1 0 0 0 1 1 0 1 0 
0 0 0 1 0 0 1 0 0 0 1 0 0 1 0
0 0 0 1 1 1 1 0 0 0 1 0 1 1 0
0 0 0 0 1 1 0 0 0 0 0 0 1 1 1 

input
5
2 4
5
1 2 2
3
0
0

output
No solution found (lenght constraints breached)